{
  "nbformat": 4,
  "nbformat_minor": 0,
  "metadata": {
    "colab": {
      "name": "Untitled8.ipynb",
      "provenance": [],
      "collapsed_sections": []
    },
    "kernelspec": {
      "name": "python3",
      "display_name": "Python 3"
    }
  },
  "cells": [
    {
      "cell_type": "code",
      "metadata": {
        "id": "_v_gQK-i2-O6",
        "colab_type": "code",
        "outputId": "ca34dd7c-d53c-4407-993a-e37643481101",
        "colab": {
          "base_uri": "https://localhost:8080/",
          "height": 34
        }
      },
      "source": [
        "import pandas as pd\n",
        "import numpy as np\n",
        "import matplotlib.pyplot as plt\n",
        "import seaborn as sns\n",
        "import time\n",
        "import matplotlib.pyplot as plt\n",
        "import random\n",
        "from collections import Counter as ct\n",
        "from sklearn.naive_bayes import GaussianNB\n",
        "from sklearn.preprocessing import LabelEncoder\n",
        "from sklearn.model_selection import train_test_split\n",
        "from sklearn.metrics import accuracy_score\n",
        "\n",
        "from google.colab import drive\n",
        "drive.mount('/content/gdrive')"
      ],
      "execution_count": 30,
      "outputs": [
        {
          "output_type": "stream",
          "text": [
            "Drive already mounted at /content/gdrive; to attempt to forcibly remount, call drive.mount(\"/content/gdrive\", force_remount=True).\n"
          ],
          "name": "stdout"
        }
      ]
    },
    {
      "cell_type": "code",
      "metadata": {
        "id": "Vr5UotVP3LxS",
        "colab_type": "code",
        "outputId": "015a9041-3271-4426-84a3-94fb7fec2a69",
        "colab": {
          "base_uri": "https://localhost:8080/",
          "height": 493
        }
      },
      "source": [
        "data1 = pd.read_csv('gdrive/My Drive/Garuda Indonesia.csv')\n",
        "data2 = pd.read_csv('gdrive/My Drive/Air Asia.csv')\n",
        "\n",
        "print(data1)\n",
        "print(data2)"
      ],
      "execution_count": 0,
      "outputs": [
        {
          "output_type": "stream",
          "text": [
            "            Date        Open        High  ...       Close   Adj Close       Volume\n",
            "0     12/19/2011  421.550995  421.550995  ...  421.550995  421.550995    1747179.0\n",
            "1     12/20/2011  476.105011  476.105011  ...  476.105011  476.105011  102513458.0\n",
            "2     12/21/2011  456.266998  486.023010  ...  456.266998  456.266998   54796708.0\n",
            "3     12/22/2011  456.266998  466.186005  ...  456.266998  456.266998   13488971.0\n",
            "4     12/23/2011  466.186005  471.144989  ...  466.186005  466.186005   20638998.0\n",
            "...          ...         ...         ...  ...         ...         ...          ...\n",
            "1994  12/10/2019  505.000000  525.000000  ...  515.000000  515.000000   31196000.0\n",
            "1995  12/11/2019  515.000000  525.000000  ...  500.000000  500.000000   25387300.0\n",
            "1996  12/12/2019  500.000000  515.000000  ...  500.000000  500.000000    8470600.0\n",
            "1997  12/13/2019  500.000000  510.000000  ...  498.000000  498.000000   21409000.0\n",
            "1998  12/16/2019  500.000000  510.000000  ...  505.000000  505.000000   14257800.0\n",
            "\n",
            "[1999 rows x 7 columns]\n",
            "            Date  Open  High   Low  Close  Adj Close     Volume\n",
            "0     12/19/2011  3.74  3.74  3.70   3.72   3.199869  2683000.0\n",
            "1     12/20/2011  3.72  3.72  3.59   3.60   3.096648  4329000.0\n",
            "2     12/21/2011  3.67  3.70  3.63   3.66   3.148258  3901300.0\n",
            "3     12/22/2011  3.64  3.70  3.63   3.70   3.182666  4400300.0\n",
            "4     12/23/2011  3.72  3.73  3.69   3.70   3.182666  2359400.0\n",
            "...          ...   ...   ...   ...    ...        ...        ...\n",
            "1974  12/10/2019  1.68  1.68  1.65   1.66   1.660000  9465200.0\n",
            "1975  12/11/2019  1.66  1.68  1.64   1.66   1.660000  9430900.0\n",
            "1976  12/12/2019  1.67  1.67  1.65   1.65   1.650000  4396200.0\n",
            "1977  12/13/2019  1.65  1.67  1.64   1.65   1.650000  9387700.0\n",
            "1978  12/16/2019  1.67  1.72  1.65   1.69   1.690000  8755800.0\n",
            "\n",
            "[1979 rows x 7 columns]\n"
          ],
          "name": "stdout"
        }
      ]
    },
    {
      "cell_type": "code",
      "metadata": {
        "id": "yaBt2TFj3YEG",
        "colab_type": "code",
        "outputId": "c08555b7-a48f-46bc-e4c0-6d9dbbb02326",
        "colab": {
          "base_uri": "https://localhost:8080/",
          "height": 493
        }
      },
      "source": [
        "data1['Date'] = pd.to_datetime(data1['Date'])\n",
        "print(data1)\n",
        "\n",
        "data2['Date'] = pd.to_datetime(data2['Date'])\n",
        "print(data2)"
      ],
      "execution_count": 0,
      "outputs": [
        {
          "output_type": "stream",
          "text": [
            "           Date        Open        High  ...       Close   Adj Close       Volume\n",
            "0    2011-12-19  421.550995  421.550995  ...  421.550995  421.550995    1747179.0\n",
            "1    2011-12-20  476.105011  476.105011  ...  476.105011  476.105011  102513458.0\n",
            "2    2011-12-21  456.266998  486.023010  ...  456.266998  456.266998   54796708.0\n",
            "3    2011-12-22  456.266998  466.186005  ...  456.266998  456.266998   13488971.0\n",
            "4    2011-12-23  466.186005  471.144989  ...  466.186005  466.186005   20638998.0\n",
            "...         ...         ...         ...  ...         ...         ...          ...\n",
            "1994 2019-12-10  505.000000  525.000000  ...  515.000000  515.000000   31196000.0\n",
            "1995 2019-12-11  515.000000  525.000000  ...  500.000000  500.000000   25387300.0\n",
            "1996 2019-12-12  500.000000  515.000000  ...  500.000000  500.000000    8470600.0\n",
            "1997 2019-12-13  500.000000  510.000000  ...  498.000000  498.000000   21409000.0\n",
            "1998 2019-12-16  500.000000  510.000000  ...  505.000000  505.000000   14257800.0\n",
            "\n",
            "[1999 rows x 7 columns]\n",
            "           Date  Open  High   Low  Close  Adj Close     Volume\n",
            "0    2011-12-19  3.74  3.74  3.70   3.72   3.199869  2683000.0\n",
            "1    2011-12-20  3.72  3.72  3.59   3.60   3.096648  4329000.0\n",
            "2    2011-12-21  3.67  3.70  3.63   3.66   3.148258  3901300.0\n",
            "3    2011-12-22  3.64  3.70  3.63   3.70   3.182666  4400300.0\n",
            "4    2011-12-23  3.72  3.73  3.69   3.70   3.182666  2359400.0\n",
            "...         ...   ...   ...   ...    ...        ...        ...\n",
            "1974 2019-12-10  1.68  1.68  1.65   1.66   1.660000  9465200.0\n",
            "1975 2019-12-11  1.66  1.68  1.64   1.66   1.660000  9430900.0\n",
            "1976 2019-12-12  1.67  1.67  1.65   1.65   1.650000  4396200.0\n",
            "1977 2019-12-13  1.65  1.67  1.64   1.65   1.650000  9387700.0\n",
            "1978 2019-12-16  1.67  1.72  1.65   1.69   1.690000  8755800.0\n",
            "\n",
            "[1979 rows x 7 columns]\n"
          ],
          "name": "stdout"
        }
      ]
    },
    {
      "cell_type": "code",
      "metadata": {
        "id": "NiNzY9LX3cCN",
        "colab_type": "code",
        "colab": {}
      },
      "source": [
        ""
      ],
      "execution_count": 0,
      "outputs": []
    },
    {
      "cell_type": "code",
      "metadata": {
        "id": "KRJff4W33eAn",
        "colab_type": "code",
        "outputId": "d67046c0-320d-4d90-f52c-56d269d6134b",
        "colab": {
          "base_uri": "https://localhost:8080/",
          "height": 178
        }
      },
      "source": [
        "data1 = data1.set_index('Date')\n",
        "sns.set(rc={'figure.figsize':(8, 2)})\n",
        "adj_close = data1['Adj Close']\n",
        "data1.loc['2011': '2019', 'Adj Close'].plot(linewidth=0.5);"
      ],
      "execution_count": 0,
      "outputs": [
        {
          "output_type": "display_data",
          "data": {
            "image/png": "iVBORw0KGgoAAAANSUhEUgAAAesAAAChCAYAAADnR5cfAAAABHNCSVQICAgIfAhkiAAAAAlwSFlz\nAAALEgAACxIB0t1+/AAAADh0RVh0U29mdHdhcmUAbWF0cGxvdGxpYiB2ZXJzaW9uMy4xLjIsIGh0\ndHA6Ly9tYXRwbG90bGliLm9yZy8li6FKAAAgAElEQVR4nO3dd2BUVdr48e+dPplk0nuFEELovS6i\noKIirGADl3V1rbuuuq7ryvtbuy8qiu5aV1xw91VU7IiIgAqKIL33UNN7z8xk6v39ETIkpIdJMpmc\nzz+EuffOnCczmefec895jiTLsowgCIIgCF5L0d0NEARBEAShZSJZC4IgCIKXE8laEARBELycSNaC\nIAiC4OVEshYEQRAELyeStSAIgiB4OZGsBUEQBMHLqbq7AS0pKzMRHGygpKS6u5vSaUJD/X02Pl+O\nDUR8PZ2Ir2fztfgUCongYEOz2706WbtccoN/fZUvx+fLsYGIr6cT8fVsvh5ffaIbvAmiqJsgCILg\nTUSybsKRs2WczK7o7mYIgiAIAiCSdZMsVgcllTVkFlR1d1MEQRAEQSTrptgdLiqqrSxfn47D6eru\n5giCIAi9nEjWTbA7XRSUWbBYHWQW+M5oQ0EQBKFn6lXJOq/EBEBRuaXF/Wx2JxUmGynxQew9UURp\nZU1XNE8QBEEQmtSrkvWT7+7E7nDyP0u2tdi9XWGyoVEr6BttZHRqBFsO5nVhKwVBEAShoV6VrAMN\nGiqqbYQYtZRUNH+1LEm19601agWJUQE42zGXz+WS2bQ/1xPNFQRBEASglyVrg15FuclGcmwgh86U\nNrufQpJQKxXtStJ1qsw21mzNEAPTBEEQBI/x6gpmniTLMv56NRXVVrYfKSAyWN/i/jdPS0GtlNr9\nOuXVNpKiAygosxAb1nzpOEEQBEFoq16RrI+eLSUlPoiEiAAyzo3u/nFvDtdOTEKlrO1ceHfNUVQK\nCbVKSVlVDYEGTYdeq8JkJTEygMpqq0jWgiAIgkf0im7w3elF2B0ujAYNCglmTUqi0mzHZncC4JJl\nNh/I48d9uYQatR2eriXLMuXVNqJC/TBbne7HbHYnDqdLlDEVBEEQOqRXXFlXmGw4nC5USgmnS0Yh\n1XZv2521ybO8ykpaYjDpWeX0jQ0kKdrY4HhZrk26ktRyt/i7a45SUlHDb6encjq3koJSMx98l46f\nToVCIREbZmDGhKROiVEQBEHwXb3iytpqc/LLoXxUSgXjB0WhUdeGbbc72X+ymBqbk8lDo0mODSQ8\nUEf/+KAGxwf4qamy2Ft9HYdTxuZwEeCn4XReJduPFpCeXU58hD/bjxRgOXe1LQiCIAjt0SuStdMl\n8/GGkyiVtVe314xP5O5ZA7E7Xfxr5SFMNXbUKgWP3jKCQH9to+OjQvwoLG25kApATJiBBb8Zib9e\njb9Ojc3u4q2HpnDN+ERkGVQdGLAmCIIgCL0iWdeteZoUVdu9LUkSWrWS597fjc3h4pWP92OxOpvt\n5k6KNnLwdEmzz59dWM37649jdzjdA9bGDIigT7QRhUJCkiRuu3oAZquDgjLzRcXy0kd7L+p4QRAE\noefx+WRtszspN9lIigogPsLf/bhBp8ZU4wDAandSY3M0+xz+ejWn8yo5cKrphH0ss4zcIhP1x4/F\nRfgzKjXc/f9LhsUwY0ISB06ef46yKitVZlu74jmaUdau/QVBEISez+eTdVZRNQWlZqovuOfsr1cT\natRx61WpjE2LYOrIuBaf5/CZUg43U0jlw+9PoFErUata/nUGGjSYas6349ttGWzYldXGSARBEITe\nyueTtValBGDi4KgGjxv0amwOJ4mRAUSF+KFQtHw/ecaERPRaZbPblQqJ0kprq+05mlHGt9syKCg1\ncyK7gqVfHSKnqJrvdtYm7W+2nuWLTafd+3+95Qx3vLCBPelFVFRbkaTz3fqCIAhC7+DTydpidWC2\n1nZvXze5b4NtBp0Kk8VBn2hjo21NuX5KMpIkNVtTfPygSMqqWk/WZ/OrKK+2UVpZQ0ZBFQCZhdX8\nfCCX0soa1u3IYtP+XApKzZzKrcBsdSAD+04Us+t4EWqVAptDjCoXBEHoTXx6nvVnP53C6XRxx4y0\nRttUSgWudhYpuWRYDOt3ZnLz1JQGj182IpaR/cMZmBTS6nM88bvR7DhaSI3dib9ezeThsZzMrmBg\nUgh/fesX937/8842fjU0mmMZZTx52xhsDie7jxcRH+HP6dzKNr2WIAiC4Bt86sp69/Ei95rVADVW\nJwdOlRAS0Hg6FtBgAFhbBAdo0aobd4UH+KlRKRX469WtPkdsuD8GnYq9J4q5YnQcQ/qFUWNzMLhP\nCEqFhF6rZGT/cEKNOiYNjmJAQjCJUQGkxAWxcW8OceH+bNqf666G5pJl9p4oalccgmecya1g9/HC\n7m6GIAi9QI+7sq67X9vUPebtRwsY1T+c6NDamtxajZLyahtKZdPnJPfNHtL+15fPt0OhkDpUQvTK\nsQnun8PDAxgQWzul7N9/u6zRvqkJwe6f7Q4XqQlBVJrsFJVbCAvU43C6WP1LBiNS2nfiIVy8U9kV\n7EkvZlRqRHc3RRCEJry8Yi8Pzx3R3c3wiB53Zf3V5jM88OrPbdrXX6/mvtlDiA333IIam/blUFBq\n5pF//YIsy9TYnGg1zQ8886R7fz2I4f3CGJkSxsrNZ/jjP36ixu6kwmRtcX1uwTOsdicV1efHJSgU\nEqWVNViszU/7EwSh+xw+W9bu253eqk3J2mq18uSTT3LllVcyc+ZMHn/8cQDOnDnDzTffzPTp07n5\n5ps5e/as+5iWtl2MukFjP+7LYevhfPfjpZU1pGeVI8syJ7LLySyoorDMzKjUcAy61run28psdZJX\naqbG5uDg6RKWr09Hr+2aDoqxaZHoNCrCgvSMS4vEZnex+3gRKqVCJIwusOybo7y/Pt39f4VC4nhW\nebPz7wVB6F46jdJnvhvblKxfeukltFot69at4+uvv+bBBx8E4Mknn+SWW25h3bp13HLLLTzxxBPu\nY1radjFsDidKhcR7a4/zZb0pTpmF1VSabOSXmlnxw0l+2p/LkbOeLyDicLooKDUzpG8o63Zkset4\nISlxQa0f6GHD+oVx/5whfPXzaQrLLNTYxQjxznbodEmDMQuWGjshRm2DcRKCIHiP6FADecUXVzXS\nW7SarE0mEytXruTBBx90l+MMCwujpKSEI0eOcO211wJw7bXXcuTIEUpLS1vcdrGUCgWD+4Rw1bgE\nhvULcz9usTr43VWpHD5TikuW2bgnhyD/jq1J3ZK7Zg7EYnUQHqQnq7Ca316ZSqix6QFsnS3QX0uw\nUcfsyX145eN9zRZtETzj8tHxRATrsZ47MTLVOOgXG4gsg11MpxMEr5MYFcBzy3ezavOZbm3Hix/u\n4YllOwDc3x/t1Wr/bVZWFkFBQbzxxhts374dg8HAgw8+iE6nIzIyEqWy9kpDqVQSERFBXl4esiw3\nuy0kpO1TjkJDa8uDhocHuB+LDPMnwF/LXdcNYcV3xwkOMaBSKlCqi5k2Mp7Nh/KZOjKOrQfz8PfT\nNDjWE2ZdGsAbn+6jqMyC0+Xi2in9Wq1c1pqOtlFSqzBbHcy9Ko0vfz5DZY2DjGIzo9MiL6o9nuTp\n33938jdokSR4a+VhHr9jHDa7k3uuH8b3OzL5bNMZEqONzJrct9WlVC+UVVBFfKR3/p586f1rioiv\nZ2stvuhwf8YNiiKzyNStv4tjmeWEGHVo/bS8+v5O/vfeSe1+jlaTtdPpJCsri4EDB/Loo4+yf/9+\n7r33Xl599dUONbo9SkqqCQ31p6ioyv2Y2Wxl5qQkioqqcNqd5OSW46dTU1RSjbm6hr/NHY5KqWDS\nwEhk5AbHesr2Q3mUV9t46y+XUF52cV2g4eEBF9XGv/92FKaqGl78wwSWfHWYU7mVLH30Mvea3d3p\nYmPzNmZz7eCyQ6eL2bQrEwDJ4SQmWM+aLWf4bkcmCWF+xIX7t/Q0bi5Z5qe9Oew7WcKkIVGM9aKT\nLPC99+9CIr6erS3xmUxWRqWEset4Ybf+LlTK2sGoH609yoETxew+lEvCBSfoCoXkvkBtSquXhNHR\n0ahUKneX9rBhwwgODkan01FQUIDTWXtJ73Q6KSwsJDo6mujo6Ga3dcTRjDIyC87/opWK2marVQrs\nDhdQO61JrVKgVimRJAmFQnLv52mjB0Qwa1ISOk33z3wz+tV29YcF6rE7a38Xjy/dzgf1BkIJnhUd\namDrofODGyND9FSYbPzz/l9xPLO8zc9TUGpmzbZMkqICyC0W970FoTOMHhBBVIhft7bhmvGJAOw+\nXohGo2TzwTx2HC1o13O0ms1CQkIYN24cW7ZsAWpHeZeUlJCUlERaWhqrV68GYPXq1aSlpRESEkJo\naGiz2zpi1/FCMguqGz2uViooKLO4v+ja2/3YUbdc3r9NJUq7Wv/4IGZP7kNeiZkjGeL+dWewO11M\nGBRJakKQu7xskL+Wy0bE4q9XN1iopTV7TxQzeVg0wd005kEQhM53MqeiwRLLf/j1YFQKBRn57bvS\nb9Ol4dNPP83/+3//j0WLFqFSqXjxxRcxGo089dRTLFiwgLfeeguj0ciiRYvcx7S0rb0MOjV5pY2v\nPNQqBd/tzCLEqGtxkY3e4te/6oNWrSSryERxuaW7m+NT6orf2O0u1H4K9FoVNWW1v2OVUsFvp6cC\nkJ7Vtitrh9PFZz+e4l8PT8HplFm/M7NzGi4IQrey2p2UnFvkyWZ3MjQ5lHfXHKXSZOPGy/q1+Xna\nlKzj4+N5//33Gz2enJzMp59+2uQxLW1rL4UEq7dlcuOlDQPTa5XU2BxUmKxY7SJZ180nv3xUnHsV\nL8EzTDUODDo1FSYbapUCrVrpvgVT35GzZciy3Govz46jBcy7PKV2KpjnygAIgnCOxepg0/5crjs3\n6NMly90ylsfplFErFSx99DK++Kl2unF8hH+7Z+/0qApmDmfDL8d+sYGcyK5AoZC6Za6zt+ofH0Rs\nuKHR70vouFc/3Y9Oo8Rqc6LTqNCoFfSPD260X5C/hlc+3tfq8327LRO/esV0YsP9efHDPaz+5awn\nmy0IvdaxjDL6xgQCtb2wjiZOrruCyyUzeWg0CknihkuTAZgyLAaF1L5y1T0mWV86Ipa3vjyExXp+\njpqfTo3N4WLOJX0ZkRLWwtG90/99e0ysfe0hp3IrqbE7sdqdaNRKEqOMXDYqrtF+t1+TxuE2FOPJ\nuWBA2ejUcE5kV1Btafs9b0EQmpdRUMUfZw8GaktPV5hsXfbalWabu8yp0+ViRP+GazcMTwnj15P7\ncDq3ss3P2WOS9ciUMLIKq7HaG5aO6x8fRFigHj8PlhT1FWfzqyitFDXDPcFfr0YhSdjsTrRqBYEG\nDcFGXaP96kadyrLMyZyKZp/vitHxjK63AIgkSbz4h4n469UiYQuCh9R1e6fEBbZ5PIknbNqXy/bD\ntaO9necWfapPpVQwMDGYI2fb3hXeY5J1WJAepULitqsbrk294Dcju6lF3s9o0FBQJgaaecLUkbFM\nHRmL1e5C08QyqXVCzyXww2dLee793c0uIqDXKhstABMcoGVI31COZni+TK4g9GZRIX5d+l3ocLoo\nKKstc+p0ySibWCVSp1Hy5c9n+GTjyTYNCPb6ZL3nWCGrtpwl2F9LWb0Vj4TWhRi1lIgr63ZrrnSo\nJElcPjqOqNDm52wqFBIj+4dz8FQpsWEG/rvmWLvuSyVE+pNd2HiaoiAIHSdJEk3kS4/YtD8Xl0tu\n8He+astZ98+uZpJ1cICOwX1C2Hwgj/yy1uuXe32ydrhqBwWo1YomR98KTZNl0DQzYllo2T2Lf+L7\nXU2Pph+bFukuRNOcKcNjyCsxcdPUfmw+mMfOY4Vtfm1JkvCC4nMeUVFt7dB674LQ2UoqarB5YPEj\nh9PFqZwK9p8s5kR207e9mruy9tOp+PONw1BIYK5pfWUwr0/WBp2ah28e7hXlM3sSjVqB0+nCJhaY\n6JAPvz/R4WNT44OIC/cnLTGY5+4eT5XZTklFjfsedm9JYFsPF1BjE58/wfss+fowGQUXX340v8TM\nzwfyKDfZGizFedW4BPdJekW1FaOh6RN8hUKiymLH1IZxKl6frB1OFyqlSNTtNXpABAMSg7Hba6+s\n958sJq/ERFZhNb9/YYO4L9qMuj+466f07fBKWhq1kpum9kOlVBAZrOeD79I5eKaEn/fnArU1wS8c\ncOKL1CqFuwSuIHgTlULC4bz4k2anS+ZPc4ZQabI1ODHVqBTklZix2p04XTIqZfOpVpahoMzCD7uz\nW3ytHpKsa5vZVFeC0LTIYD/GD4xyD3AqKrewJ73IXSKzLaMQXS650XSHs/mVPn1lWFxRwx+vG4yf\nTs2Xm2qX1buYeOuKo1SZ7e5a8g5HbZGElvjC77i5ua2ZBVUcPF0ilhUVuo1KpcBc47jov7PqGjsa\nlYLyais1Nkejz/SarRnY2nArssJka7VWuPcna4cL5bkr6zf+fEk3t6bnstqdWKxO91qq32zNaPWe\nzcmcCjYfyG3w2DP/3eXTU4uKyy2EBekYmRLmPtGx2p2NRm63h0KS+HLTafe9aIfLhbKFZK1RK9v0\nB+7t1CoFVebGn5WCMgslFTV8tfmsT3+WBO+lVSt588uDHLmIHkaL1cHLK/Zhd7rYtD+XglILC5Zs\nc18Q1e2zdnvrpYQtVkeD45rS/ctGtcLhkvE798V2MV+YvdX2o4WUVlnZeayQSYOjyCmqZlBSMC4Z\nXvhgD5OGRHPgVAmpCUHulWFqbA7eXXOMvelFOF0yoUYd4wdFUXFuNP6nP54iNszA9LEJzb6uucbO\n65/so7DExM3T+hEZ3LZVbyqqrQT6d9/CFkUVNaTEB+GvV6NR137uLFYnem3H/1T+9fAlFJRa2Hww\nj9c+O4BKpTg3MjW+yf1VSgUOp6u2FGkP5nLJPP3fnby7YGqDx8sqa7CeKzDz7fYMbpiS3GWL8Ai+\nbcUPJ5g7LYVth/NxNlEQKj2rnH6xgcSGGdh9vAhLGwZ2Nafuojw8SM+fbxzGPz7ZD+C+V/3I3OH4\n+2mYfUnLiz5NGxnHydwKZk7q0+J+Xp2sHU4X1WYboWGG7m5Kj1VQaqaw1Mxt1wygsMyCLMPDc0eQ\nXVTNxr05uGSZy0fHse1wAYs+2MNt1wzAanNSUGrG6ZIZ3DeEksoa7n5pI/ERASy8axw5RSbeWnmI\n45nlhAXpyCsxo5Bq12vNKTbRJ9rIvGkpnMmtoKLayjdbM7hydDxRoX5N3rux2pyo1QoUksTbXx0m\nOtSPW68a0A2/rdqTDIOu9s+iblBjjc2B7iJOFNUqJXER/qTEBfLLoXyqLXauauFER62Uuq00oidF\nBOubPOEwWx3sPl7EoD4hHDpdik6tbPWLShDaYv3OLOZOS+FYZjlqVcPvmkNnSvluVxbP3zPB/djF\nnCTW9bzp1EqG9A0lOtSPy0fHuy9q0pLatsrkb67szysf72Pi4JbXs/fqZP3c+7sZMyiKEX07trSm\nUEsGJg+N4a4XNxLkr2X2JX2JC/fnt1emuvc5kV1OYZmZz388xa7jRfz9t6Pw16uJPFeRa0xaJA6H\ni+hQA4EGLX+/dRRbD+Xz/a5sIoL0PHn7GOwOFyt/Ps2u40XsO1lMQlQAfSKjGdwnlDXbMigoNXP1\n+ERiwgwUV1gINGix2Z38zzvbuOXyFIb3C6PG7uTHfblcMjyGpChjl/+uqix29x9wVmE1OcUmHA7P\nXOX2iTYyZXgMcy7p2+KXhEqp4JONp7hr5sCLfs3uUFRuIauwmpH9w5k+tnHvganGwdRRcWzan8tj\nt47ij69scidri9WBXquiwmQjr9hEoL+GAD8N/npRoVBou2OZZcydltLgsdO5lQQHaKk5N4g0Nsxw\nUfes60o5G859Nv/3znFIksSy1UcIDWxc3bAlU0fGoVS0fFfaq+9Z1/0yRBdZxw3uG8Lgcyc7L9wz\ngaCAZqYQSBLBRh27jhcRFqgjLsLfnagBIoL0xJzr4fDTqUiOCaTG5uT6KX3pE2NEr1VhNGiYPz2V\nO68dyJGzpfzh+mFMHByN0aBh7rQU8sssnMguZ/n646RnlrP5YB7Lv0vnidtGE2LU8dzy3dx0aTKv\nPTi53SvSeEpAvaRQbbHz+NLt/LAnG43q4pN1iFHH9W3o8lWpFJzJa3vNYG9jsTYcuFP/52qLnZM5\nFVw6PIbbrx6AWqXk2olJZBZUIcsyy9cfx+5wUlRm4eMNJ9mTXiRmLghtYne48NerWbs9k8IyC8P7\nNV4vIjEygM0H8wC4bGSsu45HRzhdMkY/tfsWWd3f9aUjYlusctiU4W1Y28Krr6zNVgcff5fO9CYW\nTBDa5i83DXf/HGLUusthXqh/fBADk0L443WD2XG0oE1XkoP7hhAX5s+MCUnuxxSSxNDkUIYmhzZ6\njufvHt/oOeqWrUuKglVbzhATZsBfr6a0lcEWXeHR34ykotrGW18edN+/7go6jZKYMIP7KrOncTjP\nT1XRaVRY7U73SPhqi53pY+KRJImEyAAAAvzUPPWfndw9cyCF5RaWr08nOTYQU42dz386zbUTkxgz\nIKLZ1xMEAIvNQUyYgU82nmx2n7tmDuSnfbnU2BwM6RvKs/+3i1H9w1F34GTc5ZK5fkpyo8f7xBiJ\nbqHKYUd59TdBYpSRW6Z3z71LXyRJknsQ2YUG1ru/Mjat5XsndcYPjLroNtUvdmP007iLBxh0Kk6e\nW4WqX1wgOo0SpULC5qEu6aa4XA3XoVZIEsEBWirNti7thh3eLwylQiK7qNorl36tu1JuroegymxD\nde5+oUGnwmRxoNOoyCsx1Y6sv+D9mzg4irTEYArLLDx6y0h+3JvDgVMlXDEmnqF9Q9l8MI/0rHIO\nnyltdbCO0HuZLHbCAnWkN118EKg9Ea6xnR9UVm2xs/dEcZu/8+pzNlMvQSFJnbKwlFd3g98xI41p\nY5ofiCO0X93VjDdKig5wJ4C0hGC2HsnH5nDyv+/t4rXPD/DKJ/t5/fMDvP75gU5Z+vPPr29u8kRg\naN8w92paXUGSJFITgjlytowqs4131xz1mnnXdoeLOxZt5NXPDjS7z6ufHagdKEHt/bxKc+1c/dc/\nP8gnG042mtWh06iIDjUwrF8YKqWCy0fH86c5Q7hidDyRIX5Y7U6+2ZqB2epo8EUrCPWt2ZbBJcNi\nAPjNFf0bbQ8O0CJJEqu2nMXpkgkP0vPivRMaVB6D2iUt26K5mt+dxauvrC9mBK7Q88yefP6qKS0p\nxD2asv5Zr9XuZPfxQjIKqugT7dkBaNXnzswv9JsrG//hdzatWoksy+SVmLHZnRw6U8qZ3Epm/ap2\nIJYsy6zfmdXi9LnOUFdr/sI5oXaHq8Ho27rKZf56NWu2ZXDf7CGMTYtg1Zaz3DenfSeMN13WD6VC\nIj2rnK82n+HmqSmtHyT0OqFGHf3jg7hkWIy7Nkd9L/1xovvn8nMjtg16NRbr+XoTheUW/r3qMH+/\ndXSrr9fU0pedyauvrIXepS0DCbVqJX2ijeSXtL5KTXtdOSae0V50b3T70ULe/PIgN0xJ5ptfzlJc\ncX4FNadL5rMfT3V5m+qScN1Jzd4TRZhr7KzZlsELy3eTW2xixoRE9+Ce/vFBxNabetknOgBDO7sI\nVUoFkiQREezH7uNFHopE8FVOl6vJK976t9zq7lFrNUp3oSiAM7mVLZYGra+rr6xFshZ6nPAgPd9u\nz+BkdgWF9daB/W5nFoVlZorKLeSVmBp0b53ILsdxLtFk5Fc12a3sbT05GpWC5+4eT1iQngXzRxEV\n6kfVuS5l27maw44urr1tdziZMCiK+Ah/AE5kVbD1cAEncyoY3DeUFz7YQ2x483URHv/dmA6/dnCA\nlr4xxgYVoeq62AWhjtMlo2phGtTz94wnJKC28JJCkhp8F+SVmEiJb3qcSOUFpZddXXxl7dXd4ILQ\nFJVSweO/G81HP5zE7nByx4za+ch5pWZ++DgbpVJCp1HSPz6Imy7rhyRJvPvNUQb3DaW0soZKk435\nV6aSGOW99+8Bnv792Ab/T40P4sHXNnPlmHgG9w1h/MBI7n7px0YVwjqT3eFiSHII+SVm7A4XGrWC\nKrONG6YkkxDpz7UTkxodk1ti5rXPDhARrL/o17/314N5bvlu+kQHcOB0Cd9uy2Tp3y7rFQujCM2r\nn3BtdleLn4eIID1TRzacYXToTAlllVYsVifBAVo++/EUoweEN6j18NDrm1lW72+tuaUvO4tI1kKP\npFYpuXV6Kit/Pl072EwCo5+av90yAoNOjVajJD2rnO93Z3Mmt5IxaZHMOTeS2FzjYOXm0yz95gi3\nXTWAY5llXD0u0euXYU2KDuCFeyegUytZuvoIEwdHERZ08QmwPcqrbRj9NOSXmHnwtZ+psTm5a+bA\nFk98tGoFnLvHfmGhio548Iah3P/PnxmdGs4D1w9lT3qRV92+ELpe/cQ5YVAkLY3HlCQJP9351Od0\nyWw5mI/F6qDCZOPJ28ZgqrFz/z9/5h/3/4rAczNUZBpeTXf1lXW7usHfeOMNUlNTSU9PB2Dfvn3M\nmjWL6dOn8/vf/56SkhL3vi1tEwRPiQ418M3Wsyxfn05iVAAhRp17tHH/+CCUCok+MUZ3oobaoi6B\nBg0DE0P4aX8un/90mlVbznhdN/iFlAoFEUF6jAYN/eODMBo0xIT5cbKZRe87Q1ZhtbsLvMbmZEBC\nEBMGtTyFLyxQz8jU8BZLrLaHQafmzYcuIbOwmuEpYWzcm9PmEbyCb3K6ZPfiOKNSI9p18uavV3Mi\nu5zgAK174KRBV1u9sbCsdmyMS5Yx6FS8+eVBd5lRp8uFsgtP8NucrA8fPsy+ffuIjY0FwOVy8cgj\nj/DEE0+wbt06Ro8ezeLFi1vdJgieNLJ/GGFBemZNSmJESnij7VNHxnHF6MYlL2dMSGLe5SnMPFdw\nQ6tWMvnctI+e4NqJSQxMCmFAQjBZRdVd9romi50AP427S3t4E7/zC82clMT4gVHcNLWfx9qh16p4\n7lyRnaMZZVSaxOpdvZnT2fEuaT+titJKKy6X3OC+9EM3DqWwrHZMjLnGQXiQnr0nijFZ7NgdTu+8\nsrbZbDzzzDM89dRT7scOHTyUzWYAAB5/SURBVDqEVqtl9OjaIe5z585l7dq1rW4TBE9Sq5RMGBRF\nUAdX6goP0vOH6wZz9fjEHlktzF+v7pZlJmPD/NGoFfRtw/S5zrq9UPe8o1LD2XW8sFNeQ+gZmhsB\n3hZ1o781KmWDKouhgTp2Hy9ClmUKyyxcMjyGeZenkFdiZvn6dCw2Z6v1vD2pTa/06quvMmvWLOLi\nzt+Uz8vLIybm/JVISEgILpeL8vLyFrcJguA5KqUCZxeOCK/Lu3qtEqOfhn5xgV322s25b/YQqsx2\nSupNbRN6l9rBjh27jVXXrW13uhqsh6BUKCgoM5NTZGLLwTxCArSkJQTz1eYzFJVbyMiv8q7R4Hv3\n7uXQoUP89a9/7Yr2NBAaWntvLDzcu0ftXixfjs+XYwPviG/DnhzumjOsU567Lj6n08WLy3eRnlHG\nXXOGodKqsTtdXhE/QFCgjvfWp/OXW0a2a9BdR9q/8qeTXDfFc136nclb3p/OUhfftzuzCDHqOhSv\nTl/C1NHx3DtnaKPetVceupR5j63hlukDGD8sDoNezSc/neLQqRL89BqmjjN02e+41WS9c+dOTp06\nxbRp0wDIz8/njjvu4Le//S25ubnu/UpLS1EoFAQFBREdHd3stvYoKakmNNSfoqKqdh3Xk4SHB/hs\nfL4cG3hPfJePiiMvv6LNxRzaqn58VWYbvxyoXa2oqKgKc40dtVLhFfEDTB0Ww+iUMN75Yj93zRzU\npmM6+v4tW3WYSQMj3YvQeCtv+Xx2lvrxff3zaa4Zn9iheEvLzBh1KqorLTQ1+uOGS5PZczSfS4dG\nYa5W0D82kLSEIDYfyKOywkKR1jMDUxUKyX2B2uT21p7g7rvvZvPmzWzYsIENGzYQFRXFsmXLuPPO\nO6mpqWHXrl0ArFixgquuugqAwYMHN7tNEATPCg/WU1SvOExnMNU4iA7144/XDQbAT6d2D/DyFkY/\nDX1jAsm5YMBdjc3Byp9PczzTc0tt7k0v4t1vjnrs+YSLc8Xo+GYXKWrNtFFxTdYHqOOvV3Mss9x9\nMnztxCSuHpdIjc3ZpavxdfiVFAoFL774Ik8//TRXXnklO3fu5OGHH251myAInhUd6tcp5Vfrs9qc\nDEgIxlBv9TFPX8l7wpgBEQ0qnEFt21dtOcuiD/d6LGFnFFQRHKDlvbXHOmVRmeZYbU7MNWIxkwtJ\nEh2+f6xQSC0eq1EpmDSk8fTEB64fSngX1jlo9/DXDRs2uH8eOXIkX3/9dZP7tbRNEATPiQz244dd\n2Yzo3/o0qo6qsTkYmRrOgATvW7KzPqNBQ3SYAavN6Z5vbzu3+Mi//3Ypf/vXVl6+b1KLz3E0o4yo\nED+CA5qeYRAcoCWrsJppo+J47fMDTBke26AoTGllDYVlFgYkBnsoqvM27Mmm2mLnxst6xj1zX6BW\nKRjXxBKaXV0B0ftOjQVBaBe9VkV+mblByUVPF0qx2l3o1Mo2LbbS3S6czmZ3uJg7LQWlQsHkodGt\nHr9uRyYZBc3f+5w0JJqDp0sYmBTCq/dPZt/JYve20soaln1zlI83nmTZN0caHWu1OTmeWcbPB3Ib\nbWsLq92J3enq9NsePU1nriCblhhCqhecpIpkLQg+YPzAKCrN5xPU8x/sdi9n6Qk2u7PJtb69kUFX\nuyxnXUKzO1yEn1slLNSoI/uCe9rFFyQ+P62KbYfzG5z81N9HIcGie2uXW9RqlA0WUzmdW1lbUlWu\nfd0LF4zZe6KIRR/u5YPv0t1Thtrr8lFx/Lg3p0PH+iKny9Xkkpie4qdTuVfp6k4iWQuCDwg16iit\nPD/P2GjQuFfo8oQamxONl5djre/g6RJ3QYtKs40Av9r6zsNTwjiWUYYsy+5EumDJNnfClWUZf72a\nHUcLMdW7N/y3t7ficslkFlSxasvZBl3kQf5a3l1TO9jMVGPHT6ti/vT+jBkQwR2LNrL7eBE/7M7m\ni02nOJlTwQM3DGX25L7u6ljtFRHs55XjBbqL1eZEp+l5BY3ay/cjFIReIMSopajcQp9zFcUC/TRU\nmm2EGHUN9rPaneQUmegb03rlsQuP6ylX1ilxgTxww1B2Hi1k3Y4sftid5V7BrK6LfMGSrRSV1/DH\n6wYT6K+huKKGUKOWf3yynz4xRoYmh3IyuwKH04VKVZsY73xxI9Ghfvzj/l81eL20xGB+OZTHI29t\nocJk5/UHowgN1GGzO7ljRhrpWeVMHxvf4L2osTl4ecU+isot3HrVAIb0DUWtansCdrpk1m7P5Kpx\nnqm33pPV2JxeX9ffE0SyFgQfEBqo46n/7GTpo5ehkCQC/bWczq10L/FnszvRqJUczSgjI7+q3cna\nXGPvMV+IRoMGo0HDxxtO1i7l6ZTx09WOYpckiSNny/DTqrl6QhTL1hwlJEDLO6sOEx3qR7+4QAYl\nhZASG8Rrnx/gshGxRIf6cee1aSRFGYkK8Ws0cjgmzMBdMwfhdLqIDjO4515r1EomDYlm0pDGbdRp\nVMyYmERYoI6Dp0pY+fNp/jh7CFEhfljtTj5Yn87vZ6RhqrFj0KkbHX/56DieWLaDXw2Nxl/feHtL\nMvKrqDDZGJoc2q7jvFVPOpG8GCJZC4IP8DtXeelMbiWJUQEkxxopKK3tZi2vtvLCB3t44Z4JfPhd\nOkPa+SW98ufTZBeZetwXYligjlCjlt9dNaDB48P6hTJjQhLh4QFcP7kP2UXVJEQ2HNkryzLLHr2s\nzQPqouqVqWyr4f3CAIgL9yc1IZjPfzrFnTMGkltiosbm4NONJzmRU8HJ7AqevWNso673R+aNYNWW\nM1SZ7dwzq22FYKD2vrks4zPJuqbeyH9fJpK1IPgASZLoHxfI/lMlhAXqCNCrkeXaNXcrqm2oVQpk\nWWZI31AMOtW5hQ+a7nY9craUgUkh7v8fOlNKQDuv3rzBhUm6zowJSe6fFQqpUaIGunzUe98YI3On\npvD5T6fQapTcNLUfYYG1c3gLyy38a+UhMvKrGFYvwcZH+FNUZiHYqKvtrm/HfeyODm7zJrIsU2Gy\n1d6z7mEnkh0hRikIgo9YMH8UG/dkU15tw99Pg16jxGJzYLY6CDXqOHy2FI1agc3u4q4Xf2x0fF6J\nCZdL5tMfTwFQVGYhs6CK/vFB3HHtwC6OpvcJDdTh76cmLtyf0Hr3tyOC9Nw/ZwhLH72s0fvw4I3D\nSEsMJq+FojjPvb+b5euPuxO0LINSIbH6l7OdEkdX2bw/l89+PEmNvXdcWYtkLQg+5NIRsfywJxu9\nRklooJ7swmrKq6wkRQWwcU8ON17Wj9mT+zLnkr4Ul1uQZdldgeuJZTvILqrGoKuduvTLwVzW7sjE\n5ZLbfV9U6JhZk/owbmBkoyv7EKMOhSQ1+T7EhRvYfW6J0PpTxTLzK4Haq+hDp0v556f72XeiGJcs\nc93kvlRb7HywPr0To+k8Z/Iq+b9vjhBq1GGy9JzxFBdD+VT9Raq9jMViw89Pg9mDU1C8jcGg9dn4\nfDk28M74Av21rPj+BLddPQClUuIfn+znSEYZ98waRFSIH6FGHSqlgvAgPR98l05huYV/rz5CQoQ/\nlWY7B06VcPvVA8guNrFpfy73XTeYIH9th9cL92be+P51RICfho17c/DTqfjXV4dRSBIhRi1/e+sX\nAvzUGA0a/jRnCBMGRfHa5we4ZnwiIUYdg/uGklNczZncSpJja5c6tTtcSFLX3wZor9xiE3aXzJC+\nIew6XsTQ5NAeuR59fZIk4XduimFTenZ0giA0EBPqx+A+ISgUEpHBesw1Dn5/TRp6rcr9hQy1JTOv\nm9yH41nlzJ2Wwmc/neKeXw8mt8hEWJCeqSPjCDTq0aiVXV5WUWi/2HADe9KLiA0zoNMo+WrzGRb+\nYSLvfHGA305Pde934eIrEwdHs+1wPp/+eBKVQkFmQRWn8yq5YUoyEcF6Qo26di052hWsNiffbD3L\nvdcPw2V3cDa/qldcWUvyhSV2vIhYIrNn8+XYoGfEZ7E6OnzF0RPiuxgivvNcssz+E8UUlFmYPCya\nPceL0GlV7Ekv4o4ZaV5VhCW32MRjS7ez+IHJBOtVvPbZAe6/YahXL1faFq0tkSmurAXBh/X0rkGh\naygkqcFCMJOHxQC1lfE2H8zj0uGx3dW0RuwOF7ddPYDkuCDKSk08eOOw7m5Sl/Ce0yVBEATBq/SN\nMVJWae3uZjRgczgJMWq96mq/K/SuaAVBEIR2cThdZBdWt75jF7E5XGi8YGGNriaStSAIgtCsGy5N\n5rtdWQ1WF+tOdrurXXXUfUXvi1gQBEFoM0mSuGJ0PP9Zc9S9Trjd4XLPz+9qNocTTS9M1mL0iSAI\ngtCiuAh/Av21/LA7m4pqK6VVVvz1apQKiUF9QhibFtllbbE7XKh7QXnRC/W+0xNBEASh3W66rB8V\nJhsuWcZmd3L7NQOYOSmJf399hCNnS7usHXaHS1xZC4IgCEJzbpiSjCSdnxIYFqjnydvG8OaXB1l4\n9/gumetstTvFADNBEARBaI6fTtVo7n5suIEpw2PJKzbVLqdaWM36HZlUVFsvanWvJ9/d0eD/ucUm\nnli2neOZ5ei1IlkLgiAIQptJksSU4TFs3JsDwM5jheSWmHn54/385fXNlFd3bJ521rnpYmu3Z+Jw\nunjxwz2MTo3g1qtSvb52eWcQ3eCCIAjCRdFrVcy/MrXBYza7E6dL5v11x7FYHfRPCOLqcYls2JNN\nckxgm2rOv7/+OBv35LD/ZDGjBkQwc1JSr0zU0IYr67KyMu666y6mT5/OzJkz+dOf/kRpae1ggn37\n9jFr1iymT5/O73//e0pKStzHtbRNEARB8G0atRK9VsWdMwdy//VDyS6s5rn3d5NTbOJ4VjkA3+3M\navb4WZOSqLE6+Z/5IxmVGs7h06W9NlFDG5K1JEnceeedrFu3jq+//pr4+HgWL16My+XikUce4Ykn\nnmDdunWMHj2axYsXA7S4TRAEQeg9FJKEQiFx18xB9IsLRKtSUlRuwWp38tEPJ1i7PZOTORVNHjtp\nSBRJUUYuHx3PC/dO6OKWe5dWk3VQUBDjxo1z/3/48OHk5uZy6NAhtFoto0ePBmDu3LmsXbsWoMVt\ngiAIQu80LDmUU7kVBAdoefXT/Vw5Jp4f9+Ww+KO9PL98N9uO5LNxTzZvfnkQp0tmYFJIr6xW1pR2\n3bN2uVx89NFHTJ06lby8PGJiYtzbQkJCcLlclJeXt7gtKCioza9Xt1xYeLhvr6fry/H5cmwg4uvp\nRHxdKzw8gGFpUQT4aSirqiHQoKWg1Ex0mAG7w0V2YRWyDAEBOoICdK2239vi60ztStbPPvssfn5+\nzJ8/n++++66z2uQm1rPu2Xw5NhDx9XQivu5TY6odIV5SY0cF7nb6q2uvokenhEG9x5vizfF1hMfW\ns160aBEZGRm8/fbbKBQKoqOjyc3NdW8vLS1FoVAQFBTU4jZBEARBENqnTTcDXnnlFQ4dOsSbb76J\nRqMBYPDgwdTU1LBr1y4AVqxYwVVXXdXqNkEQBEEQ2qfVK+sTJ06wZMkSkpKSmDt3LgBxcXG8+eab\nvPjiizz55JNYrVZiY2N56aWXAFAoFM1uaw+FQmrwr6/y5fh8OTYQ8fV0Ir6ezZfiay0WSZYvoh6c\nIAiCIAidToyJFwRBEAQvJ5K1IAiCIHg5kawFQRAEwcuJZC0IgiAIXk4ka0EQBEHwciJZC4IgCIKX\nE8laEARBELycSNaCIAiC4OW6PVmLmiw9m3j/BEHoDOK7paFuT9aS5Dvl4ppis9ncP/vih89kMgG1\ny6f6oqysrO5uQqf64YcfKC8v7+5mdJr//Oc/ZGRkdHczOk1paSlOpxPwve8XX4vnYnVbsl61ahV3\n3XUXL7/8Mj/99FN3NaPTrFmzhrlz5/LCCy/wzjvvAL51YpKfn8/UqVN56KGHAN+KDWDt2rVcc801\n/PDDDz75pfHtt99y9dVXs3nzZsxmc3c3x+PWrFnD9ddfz2uvvcbevXu7uzke9/XXXzN79myeeeYZ\nHnvsMcB3/gZXrlzJb37zGxYtWsQXX3zR3c3xGu1az9oTSkpK+Pvf/47FYuHee+9l8+bNfP7550RG\nRjJgwICubo5HybJMWVkZDz30ECqVij//+c9UVlayZMkSpk2bRnJycnc30WMkSSIpKYktW7awdetW\nJkyYgMvlQqHo9s6aDqt7/373u98RFxfHk08+ybhx47q7WR6Xk5PDihUrePrppxk7dmx3N8ejcnJy\nWLBgAX5+fixYsID3338ftVoN0OM/n3U+/fRTvvrqKxYsWEBYWBgPPPAAx44d6/HfnwCfffYZK1eu\n5MEHH6S8vJyXX34Zl8vFDTfcgCzLPnNC0hFd/sk1m82MGzeOd999lwkTJjBnzhx3V2pPJ0kSISEh\n3HzzzSxbtozx48cTEhJCcnIysbGx3d08j8rKymLatGk8/fTT/P3vfwfo8V+Ede9fZmYmM2bMYNy4\ncZSWlnL48GEcDkd3N89j9u3bR79+/Rg7diyFhYWsWrWKU6dOdXezPKKiooJ58+axZMkSxowZQ0JC\nAqtXrwZ6/uezzpYtW5g9ezbjxo3DbreTkpJCeHh4dzfLIzZt2sS8efMYO3YsV1xxBUOGDOGVV16h\nsrKyVydqAOVTTz31VGe/SEVFBTqdDgCNRkNqaip6vR6Hw0FYWBjvvfce06ZNIywsrLOb0inq4rPb\n7SiVSlJSUgD44IMPWLhwIUqlkt27d5Odnc2IESNwuVw96oNXF1/9dpeVlfHdd9/x4IMP8t///hel\nUondbicsLAylUtnNLW6fuvisVisqlYrExESeeeYZFAoFixcv5uDBg2zcuBGXy+V+b3uSuvgcDgcK\nhYKzZ8/y9ddfk5iYyBNPPIHJZOLjjz/m2LFjTJkypcd+PgHCw8Pd75HD4SAvL4/KykrGjh2LRqPp\nzmZ22IXfL/n5+bz++utkZ2fz5ptvYjQaWbVqFUeOHOlx79+Fn80TJ05w+PBhLr/8ciRJ4vjx4xw9\nepTS0lIuueSSHhWbx8mdaMOGDfKoUaPkOXPmNLvPkSNH5Hnz5sk2m60zm9IpWotv48aNcn5+vizL\nsrx792556NChcnFxcVc28aK0FN8HH3wgv/fee7Isy/JLL70kp6amynfffbdst9tll8vV1U3tkAvj\nq9/um266Sb711lvlkpISubi4WF6+fLl82223yVVVVd3V3HZr7v3Ly8uTH3jgAfn222+XT506Jcuy\nLJ89e1YeNGiQnJOT0x1N7ZCWPp9Op1OWZVleu3atPHPmzK5umke0FN+ePXvkP/3pT/LJkydlWZbl\njIwMOS0tTc7Ozu7qZnZIc7EdPHhQnjNnjvzQQw/Js2fPll977TX5+++/l+fNmydbLJZuaq136LR+\noeLiYj799FMee+wxcnNz+eabb4Dzo4blc4N2du7cSUpKCmq1mpMnT/aYwWYtxVcX26WXXkpkZCQA\nKSkpTJw4kcrKym5rc3s0F5/dbgcgMjKSbdu2cccdd7Bjxw7S0tKIjIxEpVL1iAFZTcUnSZJ79P6y\nZctYunQpISEhhIaG0qdPH4KCgoCeMUq1ufcPwN/fnyFDhrBz504CAgIASExMZMqUKRQUFHRXk9ul\nte+Xui7v8ePH43Q6e9wgs+biq7sdExcXR15eHjExMQAkJCQwefJkcnNzu63NbdXSZ3Pw4MG8/fbb\n3HTTTfztb3/j/vvvR5ZlEhMT0el0PeJvr9N4MvNbrdYG/z9y5Igsy7L8ySefyBMmTGiwzeFwyLIs\ny4sXL5bfeOMN+c0335Rnz54tr1271pNN8qj2xFefw+GQn3nmGfmBBx5o9BzepD3xrVy5Ur755pvl\n//znP7Isy3JFRYU8YsQIuaSkpEva2hEdff9cLpf8+OOPy88++2yntu9itSe+goIC+YEHHpAfffRR\nubi4WH7uuefk+fPny5WVlV3W3vbqyPuXl5cn33PPPfL+/fs7vX0Xq63xuVwuuaSkRP7LX/4iv/DC\nC7LT6ZQXLlwoz5s3Ty4rK+vSNrdVe2K70COPPCK//fbbndvAHsBj96z/+9//snDhQjIyMigqKmLA\ngAGEhISgUCgYNGgQX3zxBYWFhUyYMAGn04lSqUSWZRYsWMD+/fvp378/CxcuJC0tzRPN8bj2xge1\n92NWrFjBE088QUJCAo899pj73pq3aU98APHx8dxwww2MGjUKAK1Wy+23346/v393htGs9r5/kiRh\nMpn45JNPeOyxx0hISOCvf/2re2Sxt2lPfC6XC39/fy677DIOHDjAF198gcFgYOHChT71/kmShL+/\nP6+99hrjx48nISGhu8NoVnvikyQJpVJJeHg4q1ev5sMPPyQ8PJznn38eo9HY3aE00t7PZt179/HH\nH7NgwQJiY2N54IEHUKm6fPKSd/FExv/yyy/lefPmyfv27ZNXrVolT5o0Sd68ebMsy+fPqPbs2SMP\nHDjQ/f/S0lJZlmX59ddfl48dO+aJZnSajsRXd4Xy5Zdf+mR8de+f1Wr1+nvUF/P+ffTRR/LRo0e7\np+Ft1JH46veAmM3mrm90O3QkvvLycvfx3j7OoCPx1V1Bl5eXe/U4mIv5btm1a5d84sSJ7mm4F5Jk\nuWM3Aaqrq91n4Y8++ii/+tWvmDlzJgDLly/nvffeY+3atSgUCmw2GxqNhkceeYT8/HyCg4OJjIx0\nT/nxRhcbX0REhLtYgTe6mPhCQkIIDw/32fh8/fPp6++fiK97+XJs3andA8wcDgf/+Mc/+MMf/sA/\n//lP0tPTGTJkCOvWrXPvM3/+fNRqNe+++y6Au+tQr9ezd+9eUlNTvfaL0FPxeeuHzRPx9e/f36fj\n8/XPp6+/fyK+7uHLsXmDdiXrvXv3cv3111NdXc3DDz+MLMssWrSI5ORkHA4HO3bscO/717/+la++\n+gqoLTaxZMkSrFYrmzZt4r777vNsFB4i4hPxifi6j4iv58bny7F5i3bdsVer1cybN4+5c+cC4HQ6\nOXv2LP7+/gwaNIgPP/zQXb4wNDSUYcOGYTKZMBgM3H777V5flEDEJ+LzZiI+EZ+38uXYvEW7rqxT\nU1OZNWuWe66bwWAgJyeHwYMHM3PmTMrLy3nmmWfIyspi6dKlSJKEwWAA6BFvhohPxOfNRHwiPm/l\ny7F5i3Yla7VajZ+fn7vc26FDh0hKSnIv6rBw4UIkSeKRRx4hISGBZ599tlMa3VlEfCI+bybiE/F5\nK1+OzVt0aOJa3Tzpw4cPu7s21q5dS3JyMo8//jgWiwW9Xu/RhnYlEZ+Iz5uJ+ER83sqXY+tuHSo3\nWlfQpKSkBIvFwsMPP8yKFSvcpf56+psh4hPxeTMRn4jPW/lybN2twyVhTp8+zfr168nPz+fGG2/k\nxhtv9GS7up2Ir2cT8fVsIr6ey5dj61YdraZSVVUlL1myxKtrXV8MEV/PJuLr2UR8PZcvx9adOlzB\nTBAEQRCErtFpS2QKgiAIguAZIlkLgiAIgpcTyVoQBEEQvJxI1oIgCILg5USyFgRBEAQvJ5K1IAiC\nIHi5DhdFEQTB+02dOpXi4mKUSiVKpZJ+/frx61//mptvvhmFouVz9ezsbKZNm8bhw4dRqcRXhSB0\nJ/EXKAg+7u2332bixIlUVVWxY8cOFi5cyIEDB3j++ee7u2mCILSR6AYXhF4iICCAadOm8c9//pMv\nv/yS9PR0fvzxR6677jpGjhzJlClTeP311937z58/H4AxY8YwYsQI9u7dC8Bnn33G1VdfzZgxY7jj\njjvIycnplngEoTcRyVoQepmhQ4cSFRXFrl270Ov1LFq0iF27drFkyRI++ugjvv/+ewCWL18OwM6d\nO9m7dy8jRozg+++/Z8mSJbzxxhts3bqVUaNG8fDDD3dnOILQK4hkLQi9UEREBBUVFYwbN47U1FQU\nCgUDBgxgxowZ7Nixo9njVqxYwd13301ycjIqlYp7772Xo0ePiqtrQehk4p61IPRCBQUFBAYGsn//\nfhYvXsyJEyew2+3YbDauuuqqZo/Lzc3lueeeY9GiRe7HZFmmoKCA2NjYrmi6IPRKIlkLQi9z4MAB\nCgoKGDVqFPfddx/z589n6dKlaLVaFi5cSFlZGQCSJDU6Njo6mnvvvZdZs2Z1dbMFoVcT3eCC0EtU\nV1ezceNG/vKXvzBr1ixSU1MxmUwEBgai1Wo5cOAAq1evdu8fEhKCQqEgKyvL/djcuXN55513OHHi\nBABVVVV8++23XR6LIPQ2YolMQfBh9edZKxQK+vXrx6xZs5g7dy5KpZK1a9eyaNEiysvLGTt2LLGx\nsVRWVrJ48WIAXn31VT766CMcDgdLly5l+PDhrFy5kmXLlpGTk0NAQAATJ04U08AEoZOJZC0IgiAI\nXk50gwuCIAiClxPJWhAEQRC8nEjWgiAIguDlRLIWBEEQBC8nkrUgCIIgeDmRrAVBEATBy4lkLQiC\nIAheTiRrQRAEQfByIlkLgiAIgpf7/ybzeNC5V4aeAAAAAElFTkSuQmCC\n",
            "text/plain": [
              "<Figure size 576x144 with 1 Axes>"
            ]
          },
          "metadata": {
            "tags": []
          }
        }
      ]
    },
    {
      "cell_type": "code",
      "metadata": {
        "id": "bb7r7FPE3frs",
        "colab_type": "code",
        "outputId": "52aa99a2-614c-439c-879a-50493a30ba5a",
        "colab": {
          "base_uri": "https://localhost:8080/",
          "height": 178
        }
      },
      "source": [
        "data2 = data2.set_index('Date')\n",
        "sns.set(rc={'figure.figsize':(8, 2)})\n",
        "adj_close = data2['Adj Close']\n",
        "data2.loc['2011': '2019', 'Adj Close'].plot(linewidth=0.5);"
      ],
      "execution_count": 0,
      "outputs": [
        {
          "output_type": "display_data",
          "data": {
